254
222
2
218
202
65
254
171
184
213
221
113
253
191
162
215
44
186
252
212
223
96
49
22
1
165
20
34
67
212
173
50
55
78
60
147
78
47
121
31
129
58
232
241
200
245
198
100
8
39
63
66
22
32
97
210
0
31
24
190
222
250
16
209
54
215
237
222
194
159
60
0
40
13
246
177
107
229
220
80
86
147
95
8
226
227
1
155
102
180
5
8
54
157
186
218
113
28
60
99
51
5
42
12
8
238
56
73
35
147
197
127
141
4
91
83
18
227
183
31
253
98
32
233
156
102
36
167
199
44
17
68
22
124
88
140
233
193
248
9
180
28
30
238
88
186
62
24
223
27
107
74
20
200
234
83
116
134
141
169
16
86
234
55
205
5
82
17
9
139
85
0
55
223
53
81
99
20
108
217
254
111
52
169
93
149
69
21
34
136
89
228
115
248
74
159
36
25
149
243
135
77
18
19
187
89
2
90
106
164
47
147
138
117
219
147
1
89
152
2
204
0
116
219
241
179
128
23
113
63
173
144
250
168
90
244
70
189
213
251
136
169
51
108
183
230
35
172
74
181
234
105
190
242
152
220
58
213
49
99
8
102
181
59
42
204
29
71
251
180
136
0
102
44
135
191
104
136
194
213
66
65
23
217
71
89
67
226
39
222
228
170
179
18
19
156
243
230
5
23
164
0
48
2
76
80
13
55
242
87
150
179
50
49
126
250
129
182
84
68
31
238
185
41
72
26
204
16
196
242
144
239
158
21
135
169
55
31
253
187
236
221
126
247
188
38
205
231
60
143
198
25
33
89
227
140
14
47
78
92
220
166
168
247
218
26
180
86
122
151
55
45
76
87
176
143
90
102
17
94
169
16
54
249
191
162
72
95
192
118
37
156
144
250
90
69
207
178
33
21
238
144
110
185
238
95
0
112
29
10
126
196
84
141
154
45
132
53
97
215
60
81
226
7
0
24
32
29
56
4
127
207
247
201
66
15
109
1
60
72
254
133
13
17
118
147
33
31
181
32
98
251
250
89
197
25
16
40
92
5
130
86
117
113
18
235
234
155
141
123
81
20
38
61
139
195
161
234
243
98
6
71
45
167
40
177
133
73
113
126
124
195
187
236
164
37
218
5
126
155
126
172
118
170
158
216
214
34
159
189
208
156
196
104
143
40
64
25
114
51
200
61
199
214
14
206
116
100
153
31
193
51
190
131
45
16
3
231
234
18
107
18
238
98
45
193
103
26
42
180
160
27
103
238
25
169
247
39
157
210
103
157
214
180
230
146
145
159
186
111
198
91
182
149
79
233
203
47
194
8
39
50
133
217
85
67
149
180
163
42
229
19
85
215
229
14
111
102
91
9
134
175
50
170
90
163
69
213
35
154
228
178
41
26
213
180
230
77
63
231
3
1
97
171
83
20
19
41
76
61
109
40
132
176
33
1
251
247
43
42
249
246
4
250
13
112
13
60
163
14
86
249
77
117
136
134
41
33
2
211
159
29
45
27
24
63
1
112
92
211
122
156
245
33
10
54
191
63
157
85
55
25
114
254
32
200
156
22
9
163
207
12
72
20
176
73
6
76
100
26
13
252
40
253
104
227
6
75
148
6
56
123
21
38
38
127
20
243
28
11
48
181
31
92
248
26
238
153
21
119
49
191
223
132
111
27
24
36
148
28
107
128
17
27
67
106
192
151
65
233
1
47
51
195
17
37
40
195
123
111
156
40
44
177
40
128
0
126
242
191
99
73
35
124
223
76
126
74
239
37
52
198
220
241
167
19
149
59
116
5
252
155
112
164
50
174
222
107
17
180
112
205
169
188
230
228
252
70
91
67
167
42
78
175
224
168
78
192
189
122
105
127
56
52
208
53
125
61
59
37
75
213
61
54
194
214
96
80
3
110
15
250
190
213
111
111
95
27
87
29
126
226
56
142
145
96
24
107
238
58
25
196
84
119
66
193
30
91
138
21
6
42
191
183
24
219
64
56
47
81
110
187
34
212
55
249
71
248
44
96
141
158
90
38
36
100
194
90
113
177
46
122
125
119
170
182
39
111
165
52
92
169
7
147
52
254
144
211
197
169
89
72
65
121
58
95
44
25
69
87
101
57
111
64
181
154
54
117
133
246
185
102
67
91
241
110
36
229
130
96
153
75
109
27
206
152
238
96
146
16
85
98
72
5
35
161
21
128
45
228
124
7
115
54
164
121
27
130
43
153
112
106
76
79
240
145
73
112
198
21
178
232
74
40
6
71
137
30
13
19
165
